2 0.8812949640287769 0.23920863309352516 0.16786570743405277 0.118705035971223
2 0.3980815347721823 0.3237410071942446 0.15827338129496402 0.11270983213429261
3 0.447242206235012 0.3429256594724221 0.05035971223021583 0.0431654676258993
3 0.7919664268585132 0.27697841726618705 0.05155875299760197 0.062350119904076774
4 0.8423261390887291 0.3357314148681055 0.06594724220623505 0.057553956834532405
4 0.43225419664268583 0.4016786570743405 0.08273381294964026 0.02877697841726622
7 0.8633093525179857 0.302158273381295 0.08153477218225419 0.05035971223021583
7 0.39748201438848924 0.37829736211031173 0.06354916067146284 0.04676258992805757
12 0.3147482014388489 0.5497601918465227 0.1019184652278177 0.092326139088729
12 0.709832134292566 0.4544364508393285 0.10551558752997607 0.07673860911270985
9 0.7649880095923262 0.5077937649880095 0.2541966426858513 0.3513189448441247
9 0.5293764988009592 0.4916067146282973 0.16906474820143877 0.30455635491606714
