1 0.8788968824940048 0.4004796163069544 0.06474820143884898 0.05035971223021583
1 0.6936450839328537 0.3663069544364508 0.04436450839328529 0.04196642685851316
1 0.5149880095923262 0.3051558752997602 0.04436450839328536 0.049160671462829805
1 0.18225419664268586 0.3339328537170264 0.05755395683453239 0.06115107913669064
1 0.9700239808153478 0.41906474820143885 0.05995203836930457 0.08033573141486812
11 0.869304556354916 0.3627098321342926 0.055155875299760314 0.029976019184652286
11 0.6942446043165467 0.3411270983213429 0.050359712230215764 0.02278177458033568
7 0.9718225419664269 0.3770983213429256 0.05635491606714624 0.03237410071942449
1 0.09412470023980815 0.34772182254196643 0.07314148681055153 0.08153477218225422
12 0.1540767386091127 0.8231414868105514 0.08752997601918466 0.0995203836930456
12 0.1720623501199041 0.7200239808153477 0.065947242206235 0.1115107913669064
12 0.5317745803357314 0.5779376498800959 0.06594724220623505 0.07673860911270992
12 0.6948441247002398 0.49640287769784164 0.077937649880096 0.05755395683453237
12 0.9190647482014388 0.7925659472422062 0.08513189448441238 0.10791366906474821
12 0.7440047961630694 0.48441247002398086 0.044364508393285436 0.0503597122302159
