2 0.33513189448441244 0.21882494004796166 0.14028776978417265 0.10911270983213431
2 0.6252997601918466 0.2697841726618705 0.0875299760191846 0.0935251798561151
2 0.47182254196642687 0.32434052757793763 0.08752997601918466 0.09472422062350119
3 0.605515587529976 0.32673860911270985 0.03597122302158276 0.03477218225419662
3 0.45683453237410077 0.3872901678657074 0.03836930455635489 0.0431654676258993
3 0.2871702637889688 0.28956834532374104 0.06115107913669068 0.06834532374100717
4 0.3561151079136691 0.3213429256594724 0.0479616306954437 0.07434052757793765
4 0.6558752997601919 0.31834532374100716 0.05515587529976017 0.05395683453237407
4 0.4952038369304556 0.3932853717026379 0.04556354916067143 0.052757793764987966
13 0.29317794543661946 0.6708633093525179 0.3705285527437425 0.6582733812949642
9 0.6690647482014388 0.49520383693045567 0.19184652278177453 0.24700239808153485
9 0.4820143884892086 0.564748201438849 0.12470023980815341 0.2733812949640288
11 0.3327338129496403 0.2685851318944844 0.10431654676258997 0.0455635491606715
11 0.6414868105515588 0.29076738609112707 0.05515587529976024 0.03237410071942442
11 0.48441247002398086 0.3627098321342926 0.07194244604316545 0.03477218225419669
