2 0.2356115107913669 0.17505995203836933 0.20503597122302156 0.23261390887290168
3 0.2068345323741007 0.2727817745803357 0.06115107913669064 0.08752997601918466
2 0.578537170263789 0.43165467625899284 0.06115107913669057 0.04796163069544363
2 0.788369304556355 0.6091127098321343 0.06834532374100732 0.06474820143884898
11 0.2691846522781775 0.30335731414868106 0.06115107913669068 0.062350119904076774
12 0.4826139088729017 0.761990407673861 0.09232613908872907 0.09232613908872893
4 0.2649880095923261 0.3447242206235012 0.06235011990407674 0.06834532374100717
9 0.14508393285371704 0.6552757793764988 0.20623501199040767 0.643884892086331
9 0.5899280575539568 0.5335731414868106 0.07194244604316545 0.11750599520383695
9 0.8069544364508394 0.6702637889688249 0.10071942446043167 0.09832134292565939
