2 0.8741007194244603 0.24040767386091125 0.17505995203836933 0.15227817745803357
2 0.39568345323741005 0.3165467625899281 0.18944844124700236 0.1366906474820144
3 0.44664268585131894 0.34592326139088725 0.05635491606714624 0.049160671462829694
3 0.7919664268585132 0.2733812949640288 0.049160671462829694 0.0503597122302158
4 0.8453237410071942 0.33333333333333326 0.07913669064748205 0.05515587529976013
7 0.8657074340527577 0.2997601918465228 0.091127098321343 0.05995203836930461
4 0.43285371702637887 0.4004796163069544 0.07913669064748205 0.040767386091127025
7 0.3992805755395683 0.37769784172661874 0.05995203836930457 0.0455635491606715
12 0.3147482014388489 0.5473621103117506 0.10911270983213427 0.077937649880096
12 0.7050359712230215 0.44964028776978415 0.12709832134292567 0.09352517985611514
9 0.7739808153477218 0.5017985611510791 0.3249400479616306 0.3585131894484413
9 0.5449640287769785 0.49640287769784164 0.23141486810551562 0.3357314148681055
