13 0.8639088729016787 0.38669064748201437 0.14748201438848924 0.30335731414868106
13 0.48621103117506 0.39328537170263794 0.18345323741007186 0.3045563549160672
13 0.11570743405275781 0.38729016786570747 0.1498800959232614 0.29736211031175064
5 0.8657074340527577 0.16606714628297362 0.08872901678657072 0.13069544364508393
5 0.10911270983213427 0.1618705035971223 0.08872901678657072 0.1223021582733813
4 0.8633093525179857 0.2002398081534772 0.07434052757793765 0.06235011990407674
4 0.11091127098321345 0.2014388489208633 0.053956834532374084 0.05035971223021583
10 0.8021582733812949 0.9148681055155876 0.10071942446043167 0.1031175059952038
10 0.9094724220623501 0.9058752997601919 0.09232613908872907 0.10911270983213427
10 0.15467625899280577 0.868705035971223 0.0959232613908873 0.09712230215827333
10 0.08153477218225419 0.9268585131894486 0.10311750599520383 0.1031175059952038
8 0.9304556354916067 0.5629496402877697 0.07434052757793765 0.08273381294964033
8 0.7955635491606714 0.552757793764988 0.06354916067146277 0.06714628297362112
7 0.8645083932853717 0.1720623501199041 0.07913669064748205 0.04196642685851318
7 0.12050359712230214 0.17326139088729015 0.0803357314148681 0.03237410071942445
