13 0.6701030927835052 0.5496134020618557 0.22680412371134026 0.48840206185567014
2 0.6514175257731958 0.17332474226804123 0.16881443298969073 0.1920103092783505
4 0.6507731958762887 0.30090206185567014 0.06958762886597938 0.0425257731958763
4 0.3859536082474227 0.40463917525773196 0.05798969072164951 0.04123711340206185
4 0.22229381443298968 0.38337628865979384 0.07345360824742268 0.06056701030927833
3 0.7036082474226805 0.22938144329896906 0.04123711340206185 0.06443298969072167
3 0.3350515463917526 0.3331185567010309 0.04123711340206189 0.05541237113402058
3 0.17268041237113402 0.3079896907216495 0.06185567010309278 0.07731958762886598
2 0.3923969072164948 0.2757731958762886 0.13530927835051543 0.17010309278350516
2 0.22036082474226804 0.23646907216494845 0.1649484536082474 0.1971649484536082
13 0.36662371134020616 0.6694587628865979 0.18685567010309273 0.5399484536082473
13 0.12306701030927833 0.6134020618556701 0.21005154639175255 0.5438144329896907
8 0.44136597938144334 0.9233247422680413 0.06314432989690723 0.10180412371134025
8 0.6423969072164948 0.6436855670103092 0.10438144329896908 0.10438144329896908
8 0.5444587628865979 0.654639175257732 0.1146907216494845 0.0824742268041237
8 0.2506443298969072 0.9259020618556701 0.06829896907216494 0.14819587628865988
7 0.3923969072164948 0.360180412371134 0.07603092783505154 0.039948453608247406
7 0.24097938144329897 0.3382731958762886 0.04896907216494846 0.03737113402061862
7 0.660438144329897 0.2551546391752577 0.08891752577319594 0.03092783505154639
