13 0.2979616306954436 0.6774580335731415 0.37769784172661874 0.6450839328537171
4 0.3603117505995204 0.3231414868105516 0.05875299760191851 0.07074340527577938
4 0.6516786570743406 0.31714628297362113 0.03956834532374117 0.04676258992805757
11 0.6426858513189448 0.28896882494004794 0.052757793764987966 0.03836930455635496
11 0.3537170263788969 0.26318944844124703 0.08153477218225422 0.06354916067146284
11 0.47601918465227816 0.36031175059952036 0.06954436450839338 0.03477218225419669
4 0.49460431654676257 0.39748201438848924 0.03717026378896882 0.0515587529976019
9 0.6570743405275778 0.49940047961630696 0.15347721822541976 0.29136690647482005
9 0.4832134292565947 0.5623501199040768 0.13429256594724223 0.2877697841726619
2 0.33872901678657075 0.21942446043165467 0.13549160671462837 0.0959232613908873
2 0.6252997601918466 0.2673860911270983 0.08513189448441245 0.08872901678657076
2 0.4724220623501199 0.32613908872901676 0.09112709832134293 0.07913669064748198
3 0.2955635491606714 0.29676258992805754 0.05155875299760194 0.06834532374100721
3 0.45503597122302153 0.3878896882494005 0.04436450839328536 0.04196642685851316
3 0.6115107913669064 0.3345323741007194 0.03597122302158276 0.03836930455635496
