2 0.7625899280575539 0.1852517985611511 0.19184652278177466 0.2002398081534772
3 0.7835731414868106 0.27398081534772184 0.04436450839328529 0.07553956834532376
4 0.7290167865707434 0.3447242206235012 0.07194244604316538 0.07553956834532376
11 0.7086330935251799 0.2955635491606714 0.10551558752997607 0.0467625899280576
2 0.20983213429256595 0.5899280575539568 0.06954436450839331 0.07434052757793758
2 0.4160671462829736 0.4214628297362111 0.04796163069544363 0.053956834532374105
12 0.5095923261390888 0.7470023980815347 0.08872901678657072 0.08153477218225405
9 0.8513189448441247 0.685251798561151 0.2973621103117506 0.6294964028776979
9 0.4130695443645084 0.5245803357314149 0.06354916067146284 0.12110311750599528
9 0.18824940047961633 0.658872901678657 0.11270983213429256 0.09712230215827347
