2 0.3357314148681055 0.22721822541966424 0.14628297362110312 0.10431654676258993
2 0.4760191846522781 0.3291366906474821 0.09352517985611505 0.0731414868105515
2 0.630695443645084 0.2673860911270983 0.0863309352517986 0.07673860911270985
4 0.6504796163069545 0.31774580335731417 0.044364508393285436 0.050359712230215764
4 0.4940047961630695 0.3944844124700239 0.040767386091127164 0.05035971223021583
4 0.3567146282973621 0.3255395683453237 0.04916067146282977 0.07553956834532378
3 0.2913669065572806 0.29376499792544336 0.03836930455635493 0.06954436450839328
3 0.45383693045563545 0.38669064748201437 0.027577937649880084 0.03717026378896882
3 0.6139088729016787 0.32673860911270985 0.023980815347721743 0.05155875299760186
9 0.6636690647482014 0.4982014388489209 0.17146282973621113 0.26019184652278177
9 0.4826139088729017 0.5749400479616307 0.11630695443645081 0.28896882494004794
13 0.302158273381295 0.6762589928057554 0.3645083932853717 0.6450839328537171
11 0.645083932853717 0.29256594724220625 0.0647482014388489 0.026378896882494018
11 0.4790167865707434 0.3657074340527578 0.07074340527577938 0.023980815347721816
11 0.3303357314148681 0.2667865707434053 0.10671462829736214 0.03717026378896882
