2 0.8747002398081534 0.236810551558753 0.1666666666666667 0.12350119904076738
2 0.3932853717026379 0.3273381294964029 0.15347721822541968 0.13429256594724223
3 0.44784172661870497 0.35251798561151076 0.053956834532374105 0.05035971223021583
3 0.790167865707434 0.2715827338129497 0.04796163069544377 0.05635491606714631
4 0.8429256594724222 0.3345323741007194 0.06474820143884898 0.062350119904076705
4 0.4262589928057554 0.40407673860911264 0.07074340527577938 0.03357314148681056
7 0.8735011990407674 0.2991606714628297 0.07553956834532372 0.039568345323741025
7 0.40407673860911275 0.3752997601918465 0.0431654676258993 0.04796163069544363
12 0.31235011990407674 0.5449640287769785 0.092326139088729 0.08273381294964033
12 0.7002398081534773 0.44004796163069543 0.09592326139088726 0.08153477218225419
9 0.7637889688249401 0.5299760191846523 0.3597122302158274 0.30215827338129503
9 0.5281774580335731 0.5017985611510791 0.16666666666666663 0.3177458033573142
