13 0.8627098321342924 0.3878896882494005 0.15467625899280577 0.28657074340527583
13 0.11270983213429256 0.381294964028777 0.16306954436450838 0.2853717026378897
13 0.48860911270983215 0.393884892086331 0.18824940047961633 0.3081534772182255
4 0.8639088729016785 0.20623501199040767 0.044364508393285436 0.04556354916067143
4 0.11510791366906474 0.20563549160671463 0.043165467625899276 0.04436450839328536
5 0.8669064748201438 0.12889688249400477 0.0743405275779378 0.07314148681055156
5 0.11031175059952038 0.1408872901678657 0.057553956834532356 0.05155875299760188
7 0.8621103117505996 0.17026378896882494 0.0503597122302159 0.021582733812949666
7 0.11390887290167864 0.17386091127098321 0.05035971223021582 0.028776978417266168
3 0.08752997601918466 0.19124700239808157 0.028776978417266185 0.034772182254196655
3 0.8872901678657074 0.1798561151079137 0.02877697841726615 0.04076738609112711
3 0.8381294964028777 0.18045563549160673 0.026378896882494018 0.03717026378896882
8 0.922062350119904 0.5599520383693046 0.050359712230215764 0.07194244604316545
8 0.7943645083932853 0.5575539568345323 0.06115107913669064 0.062350119904076774
8 0.0881294964028777 0.5557553956834532 0.05395683453237411 0.05875299760191858
8 0.17925659472422062 0.5359712230215827 0.053956834532374105 0.07194244604316545
10 0.8141486810551558 0.9202637889688249 0.09832134292565954 0.09952038369304546
10 0.9070743405275781 0.9106714628297362 0.07314148681055159 0.0995203836930456
10 0.1474820143884892 0.869304556354916 0.08633093525179855 0.09832134292565954
10 0.0803357314148681 0.9328537170263789 0.0959232613908873 0.1151079136690646
